1.986945927468863449e+00
5.546444671729754416e-01
3.897399902991800502e-01
3.042178902258877438e-01
-3.747832842241070606e-01
-1.275491769305636236e+00
-5.143550767735228790e-01
6.127358681879169211e-01
-3.000826785130470964e-01
-6.806449206972785548e-01
3.980777468139961583e-01
1.777152142936667900e+00
7.990319963927865476e-01
-2.898432276976311006e-01
1.131150770993586629e+00
-2.813991355410727646e-02
-8.491163020080244594e-01
7.729557910138148413e-01
-4.831282413110721263e-02
-1.063094498288808420e+00
3.252997140370411100e-01
5.307177585112913265e-01
8.154970905768203771e-02
-1.308442069686075904e+00
-9.040282148429167330e-01
7.709374428125738143e-01
6.220162170374498034e-01
1.849629853571665983e+00
-2.545494997519031632e-01
-4.969834949961476900e-01
-3.699894527249553700e-01
1.539442629263106266e+00
-3.627021729737672229e-01
-1.200274082122836594e+00
1.039052656772669225e+00
-9.472182446497598995e-01
-9.694444360709881803e-01
-2.435835768179946292e+00
-8.304058781454071170e-02
5.209977541161806558e-01
-1.613699562136266863e+00
-2.024021814927556839e-01
1.385696320550173333e+00
-1.076956072765923034e-01
-1.958739917565818889e+00
1.520493546899821080e+00
2.611313257156142043e-01
-1.671625681577422196e-01
7.144136954247964910e-01
-1.740397792152232448e+00
5.439758315811893397e-02
-2.589221532727242203e-01
-3.151165582045886149e-01
-4.840751059195040895e-01
-1.795266488085949685e+00
-1.787567681565449262e-01
7.042295180133595345e-01
1.456991087580705502e+00
-1.349354732139785851e-01
1.109378987550103668e-01
-2.043680089400988109e+00
-5.773594843668031773e-01
3.752930449921985656e-01
-1.341857023207555066e+00
-1.012757398765152583e+00
9.709668263002304567e-01
-1.509755854982691936e+00
5.773572822379312575e-01
2.184361200875378217e-01
3.035593259972495517e-01
-8.927014990713073583e-01
6.457758051244705255e-01
-2.217452340733874649e+00
-3.021759435720598574e+00
2.486656871039717664e+00
1.094568791932692964e+00
1.084156936780458658e+00
2.394158899609269697e-01
4.670448904727507733e-01
5.783981979102978954e-01
1.287251858521064829e+00
-1.815465527553228764e+00
-5.428139341990378952e-01
1.760855952551219961e+00
7.310827217930382371e-02
6.707790866569165456e-01
1.920887077239973040e-01
-9.817069457863375481e-01
1.280590172814157768e+00
1.086994160387148245e+00
-4.976752078549814273e-01
1.141031051144270725e+00
1.805764841857503133e-01
-1.668713616926175591e+00
1.588311079571421924e+00
-3.080334538785152176e-01
-2.716457508700071549e-02
1.307145007240724244e+00
-2.301933194610977784e-01
5.703342888997355864e-01
9.803028896503946932e-01
-1.458832554904813561e+00
-7.407331982692779704e-01
-3.306337375142465174e-01
1.159812314298371838e+00
2.967760313582058496e-01
3.869272088505079088e-01
3.923758463945120623e-02
-1.801020515722873361e+00
-6.361538363510657601e-02
-6.666788392362242854e-01
1.040192225745451671e+00
6.209072145202633175e-01
-4.681368219563168953e-01
1.270628954962541579e-01
-5.622866139916233852e-01
-2.228079667312468093e-01
6.132939677344454443e-01
3.200605801183994958e-02
2.285259203554842466e-01
1.477880608723768141e+00
-1.479454643454062079e+00
-1.156601827595504783e+00
-1.204135354619992881e+00
2.212155549636277696e-01
7.754860449961844537e-01
-2.564856949413770598e-02
6.996475860297228788e-01
6.385354709283486141e-02
-1.006144698544686467e-02
-5.977785764647556288e-01
-1.923991442533821150e+00
1.249177276338656828e+00
-1.025469286387077350e+00
2.292020471411291560e-01
-1.788395006905204587e-01
3.217172557316846149e+00
-9.053108971838995656e-01
7.701013903052187359e-01
-4.227822170717910888e-01
-8.013298427410127101e-01
-3.876960718550607199e-01
-5.730373192271087657e-01
-8.382037149143815036e-01
4.376611732549888778e-01
1.793949038952382113e-01
1.782560466834991475e-01
-9.531151218090869737e-01
-7.368132937523370618e-01
-4.792697961564897913e-01
-6.896515399286765047e-02
2.918588517070803690e-01
8.843287135664490428e-01
4.550833269145465043e-01
3.176577236193325326e-01
8.834219098746221022e-02
-2.420807028888377899e-01
-1.680437661719777487e-01
1.005293674586595909e+00
-1.218282830773625314e+00
1.120261033884556667e+00
-2.039251725967866913e-01
-1.141615113041315688e+00
-1.669293371796721354e-02
2.570465021076881129e+00
-7.333604363644302682e-01
-1.515405215052189059e+00
-9.714403940613279831e-01
-1.507647066553986059e+00
-8.459823489221821591e-01
2.315700688539892582e-01
1.052484602851401663e+00
4.772358361794891701e-01
-6.485856980213728917e-01
2.232615589242157306e+00
-7.358015390869832029e-03
-1.707485694155208567e-01
-3.128234966822922569e-01
1.393986242621420679e+00
9.217230406234916407e-01
8.691271160684811425e-01
2.097052123668229129e+00
1.908736229669476536e+00
1.722785443855864296e+00
-7.162336819137393729e-01
-1.839133276096888980e-01
1.306516871061039309e+00
1.775348698255210800e-01
-3.873695957943532608e-01
1.577547117485206263e+00
2.009642232312109922e+00
1.528120931592072740e+00
-5.544190079050764081e-02
7.248545979930355321e-01
-9.460050922907772275e-01
1.014567525347627841e+00
1.401948513449871481e+00
7.716252008554250752e-01
-5.804466115498506384e-02
-1.404691846809963618e+00
5.585851560188617171e-01
9.992444803277569232e-01
-8.428636701964626887e-01
4.255573236725750802e-02
-2.036033441450648240e+00
-1.088394053911843490e-01
9.125206747655970618e-01
-1.284425152011697380e+00
-1.479586670251225033e-01
1.121874661455267985e-01
-4.854404004996373256e-01
-4.690727995016535923e-01
6.622360686005651642e-01
-5.628213316848967862e-01
-7.163150477458196663e-01
-5.193266138755621153e-01
1.095992966067389940e+00
-1.919170315484787892e+00
1.227655661499802431e+00
2.973670973902075021e-01
-1.123429115300182302e+00
-1.897633672820571604e+00
-6.312108358380765782e-01
1.652839856391164819e+00
4.155556417484826959e-01
8.463605158429362563e-01
4.804023947642246384e-01
1.881066238571862392e+00
-4.884122886397532781e-01
4.114298884085072772e-02
-7.001835255731919672e-02
-7.478178556149746026e-01
1.594810350851966554e-02
-1.082589362822927503e+00
6.844213927111933993e-01
-9.576271309742896420e-01
7.673198308907447363e-01
6.313416780504560455e-01
8.882471736671087026e-01
-8.729667623106751595e-02
-1.306986949074175453e+00
-4.443257447972401852e-01
1.879595763929056806e+00
-1.130895584401789625e-02
3.054251804926135794e-01
4.417687757244447289e-01
-3.041978204174421996e-01
1.951453651034580905e-01
7.321435188017002549e-01
-1.636208889212008799e+00
1.670405670934207665e+00
-3.746017680390593130e-01
-1.037032295408819860e-01
-2.329963392197438588e-01
9.255074553998720033e-01
-1.545204884986370042e-01
8.279002916855819905e-01
1.930261077620990084e+00
-3.666835902805782865e-01
-6.820277983458215010e-01
8.201415316716520465e-02
1.475733583038139618e-01
1.938730580013786842e+00
-2.089884339503933930e+00
-2.163924942143932717e-01
